# Energy bin [eV/q]           Total counts            Total counts error 
# sweeps all day = 1284
# 2021-01-17T18-08_2021-01-18T18-08 
2.419999999999999929e+01 6.600000000000000000e+01 6.327132713890935151e-03
2.610000000000000142e+01 5.500000000000000000e+01 5.775855519544908709e-03
2.789999999999999858e+01 4.800000000000000000e+01 5.395796908314259323e-03
3.160000000000000142e+01 6.900000000000000000e+01 6.469333226571709165e-03
3.529999999999999716e+01 6.400000000000000000e+01 6.230529595015576148e-03
3.720000000000000284e+01 6.000000000000000000e+01 6.032684339886942339e-03
4.079999999999999716e+01 5.600000000000000000e+01 5.828126770675920963e-03
4.639999999999999858e+01 5.400000000000000000e+01 5.723106875661631253e-03
5.010000000000000142e+01 6.300000000000000000e+01 6.181661941739698130e-03
5.560000000000000142e+01 7.900000000000000000e+01 6.922269795417125386e-03
6.110000000000000142e+01 9.200000000000000000e+01 7.470142559677132692e-03
6.670000000000000284e+01 9.200000000000000000e+01 7.470142559677132692e-03
7.220000000000000284e+01 9.000000000000000000e+01 7.388499206000886249e-03
7.950000000000000000e+01 9.200000000000000000e+01 7.470142559677132692e-03
8.700000000000000000e+01 1.060000000000000000e+02 8.018403536594238129e-03
9.620000000000000284e+01 1.140000000000000000e+02 8.315481504697283532e-03
1.050000000000000000e+02 1.170000000000000000e+02 8.424185223046705071e-03
1.150000000000000000e+02 1.400000000000000000e+02 9.215077543768872281e-03
1.260000000000000000e+02 1.600000000000000000e+02 9.851332274667848332e-03
1.390000000000000000e+02 1.560000000000000000e+02 9.727411212458564674e-03
1.520000000000000000e+02 2.110000000000000000e+02 1.131295875882706338e-02
1.660000000000000000e+02 2.370000000000000000e+02 1.198972298936187841e-02
1.830000000000000000e+02 2.420000000000000000e+02 1.211553674930221543e-02
2.010000000000000000e+02 3.050000000000000000e+02 1.360144018424686886e-02
2.200000000000000000e+02 3.490000000000000000e+02 1.454948729927523811e-02
2.420000000000000000e+02 4.320000000000000000e+02 1.618739072494277884e-02
2.640000000000000000e+02 4.930000000000000000e+02 1.729252594328233375e-02
2.900000000000000000e+02 6.150000000000000000e+02 1.931401365675583515e-02
3.180000000000000000e+02 8.890000000000000000e+02 2.322126404341989803e-02
3.490000000000000000e+02 1.988000000000000000e+03 3.472507291216192504e-02
3.820000000000000000e+02 9.496000000000000000e+03 7.589363062355035383e-02
4.190000000000000000e+02 9.862500000000000000e+04 2.445842484025265717e-01
4.580000000000000000e+02 5.738120000000000000e+05 5.899562269236992007e-01
5.020000000000000000e+02 3.518570000000000000e+05 4.619745743770455326e-01
5.500000000000000000e+02 3.614800000000000000e+04 1.480734219849978994e-01
6.030000000000000000e+02 4.399000000000000000e+03 5.165495139810102887e-02
6.610000000000000000e+02 2.531000000000000000e+03 3.918149915297590435e-02
7.250000000000000000e+02 3.032000000000000000e+03 4.288442335805671413e-02
7.950000000000000000e+02 5.157000000000000000e+03 5.592854768030759011e-02
8.710000000000000000e+02 1.012800000000000000e+04 7.837847741687928305e-02
9.540000000000000000e+02 1.329800000000000000e+04 8.981071224377493167e-02
1.046000000000000000e+03 7.689000000000000000e+03 6.829201180354481371e-02
1.145000000000000000e+03 4.594000000000000000e+03 5.278742430788331552e-02
1.256000000000000000e+03 4.164000000000000000e+03 5.025627976604884334e-02
1.376000000000000000e+03 3.853000000000000000e+03 4.834309829544702203e-02
1.508000000000000000e+03 3.855000000000000000e+03 4.835564353979871638e-02
1.654000000000000000e+03 3.282000000000000000e+03 4.461740058380842672e-02
1.812000000000000000e+03 2.313000000000000000e+03 3.745612042495653771e-02
1.986000000000000000e+03 1.126000000000000000e+03 2.613389678436529168e-02
2.175000000000000000e+03 3.120000000000000000e+02 1.375663686343901564e-02
2.386000000000000000e+03 1.190000000000000000e+02 8.495881709217846176e-03
2.614000000000000000e+03 1.300000000000000000e+02 8.879870911987055096e-03
2.870000000000000000e+03 1.300000000000000000e+02 8.879870911987055096e-03
3.146000000000000000e+03 1.290000000000000000e+02 8.845651628972389310e-03
3.447000000000000000e+03 1.220000000000000000e+02 8.602306088152072983e-03
3.777000000000000000e+03 1.450000000000000000e+02 9.378188924293064804e-03
4.139000000000000000e+03 1.410000000000000000e+02 9.247929974328595454e-03
4.536000000000000000e+03 1.220000000000000000e+02 8.602306088152072983e-03
4.972000000000000000e+03 1.280000000000000000e+02 8.811299454037975487e-03
5.448000000000000000e+03 1.400000000000000000e+02 9.215077543768872281e-03
5.971000000000000000e+03 1.670000000000000000e+02 1.006452335149539412e-02
6.543000000000000000e+03 1.590000000000000000e+02 9.820498608191971165e-03
7.171000000000000000e+03 1.300000000000000000e+02 8.879870911987055096e-03
7.550000000000000000e+03 9.700000000000000000e+01 7.670450001398834705e-03
