# 2021-01-17_2021-01-18
# H+ fit results: u_sw [m s-1], T [K], 1_kappa, n [m-3], L 
313530.96400402224 10753.008724639216 0.4257054743936775 2295.9105770037645 134.96733469359606
# He2+ fit results: u_He [m s-1], T_He [K], n [m-3], L 
312280.3432786406 201973.8009835826 98.59633982490152 35.9055026936403
# Hep model results: n_Hep [m-3]
0.5251933099358947
# PUI H+ fit results: alpha, v_b [m s-1], bkg_rate [s-1], beta_0 [s-1], L, bkg_counts 
2.09961352558138 329645.77357224165 0.10378653997858796 6.563380909078526e-07 160.86553071461873 51.9721477596777
# PUI He+ calculations results: beta_0, beta_0_err, beta_wh_bin 
1.957319679321893e-07 1.3216892204726413e-08 56
# New Horizons velocities: v_x [m s-1], v_y [m s-1], v_z [m s-1] 
-1401.0914883723115 -35.84552671614972 13832.247927919205
# solar wind velocities (u_sw): u_sw_x [m s-1], u_sw_y [m s-1], u_sw_z [m s-1] 
1183.0087616623534 -207.12851895893758 313528.66372524534
# H+ model counts 
0.0010447883155453753 0.0012798565401151082 0.0015323359400953814 0.002182389890542383 0.003008656309333283 0.003488746157155372 0.004596075095210372 0.006859930636299473 0.008729130893084419 0.012279933733209692 0.01688724658539387 0.022923791485059967 0.03051004023531611 0.04384615639637353 0.06240428577739646 0.09419239360408532 0.13692764464910645 0.20573729140609023 0.3161721768688773 0.5157288066226133 0.8276477776848002 1.3609047300048498 2.467674462562134 4.607483691726629 8.915942524064427 19.39294106629533 43.1077330373782 116.4094893877028 368.51488981826407 1532.6997324962374 9110.518025419136 98815.2849193396 571121.6079531341 353377.1561502775 33664.30965549368 3728.0423817861456 714.0760403573025 194.29071990154964 67.07833091078257 27.418196053860186 12.596386518814695 6.262291060416411 3.3562314490765544 1.8716232565207978 1.0993425760343751 0.6694724703250965 0.42005703357446234 0.2730528654191405 0.18209490688977542 0.1250527999657734 0.08746188059048951 0.06271211000564855 0.04545194298707719 0.03364361416679553 0.02528281874829724 0.019226804838332206 0.014771844392388161 0.011451491918237057 0.008946555823470944 0.0070485593198558035 0.005588094270156392 0.004460138091508425 0.0035789804623427633 0.003160584454205153
# He2+ model counts 
0.0001429496831714445 0.00017074174206381344 0.00019969709704967305 0.0002714469509534301 0.0003577284840538558 0.00040553156824627864 0.0005122452688309508 0.0007173869549062478 0.000876057277499873 0.00116049688624539 0.0015042041724247686 0.0019238473704776405 0.002416159380475096 0.00321614334369895 0.004231359466852833 0.005797912262747894 0.0076777710804590785 0.010361326079795898 0.01411649460107264 0.0198942089629713 0.02744342586921485 0.038082697664406494 0.055582000103404965 0.08121738165939256 0.11891965001488253 0.18165868971426646 0.2726768571960419 0.4349669377346976 0.7089322720583686 1.2033534178499061 2.094434619182061 3.8832305980431014 7.443383930463126 15.64258397823095 35.7903054701364 91.93329926862556 267.7995482211536 896.6430925811025 3155.2222121547006 8448.168044002849 10634.863963398446 5319.613152561731 1576.1403163245695 423.303063433848 131.01979253812385 46.87965500617397 18.97435830629632 8.637585067808196 4.274942497151745 2.288415145806456 1.289789051286422 0.7704710328173153 0.47508267642511043 0.30625747770623735 0.2039930463674868 0.1394629356116066 0.0974923751546084 0.06948256492074183 0.05034844200517093 0.03708917063396201 0.02767561265143411 0.02091683995959983 0.015975115761085377 0.013749419728157209
# He+ model counts 
1.4320183812921102e-07 1.688666870022149e-07 1.951765334822783e-07 2.591036785703214e-07 3.3375857102172263e-07 3.7405258129183036e-07 4.625472693094326e-07 6.27321464774897e-07 7.503934238806967e-07 9.645629225406194e-07 1.2139500967695243e-06 1.5075537453350674e-06 1.8401494883846172e-06 2.3597862427586697e-06 2.9895399914613304e-06 3.912860144887914e-06 4.961294401174639e-06 6.374977832845206e-06 8.231206201392693e-06 1.0887833633473103e-05 1.4096025132342969e-05 1.8263615451884766e-05 2.4509186960070342e-05 3.273243843826115e-05 4.3521946598236826e-05 5.9325705666208984e-05 7.924010325702367e-05 0.00010965921210404375 0.00015250053689464565 0.00021547157088840562 0.0003054206146430923 0.0004436785154682514 0.0006461207855364052 0.0009721276673418131 0.001495769606197192 0.0023775585977298145 0.0038994292178575014 0.006665142695990244 0.011898077705192845 0.0222642824757439 0.04429135915340705 0.09606644436605437 0.2248029681430263 0.6024722802947535 1.8161321778550692 6.16966458245373 20.310485670467074 40.99984710938895 33.97218242869636 12.762914572006565 3.470869623599029 1.014656942443425 0.3366029726552922 0.131811401706042 0.058432274159729486 0.028491033161353103 0.01499197589370809 0.008393531831969267 0.004942688012274979 0.0030445347733820444 0.0019425185351454332 0.0012796756617936404 0.0008653020525438139 0.0006997043163101289
# PUI H model counts 
6.233049519380232 7.102484374275588 7.944358611437461 9.929247917885277 12.083909957659614 13.174281673444925 15.474329778468137 19.492420599445563 22.30611037184373 26.82497681916294 31.80441435437855 37.118257974869884 42.8395874349153 51.082977797046766 60.20379879187014 72.42062329087378 84.79194593884358 100.07499787374799 117.42830166028689 139.8371064783064 162.42017545158745 188.58483924286412 220.2962098977139 255.472844269144 290.8387501567916 332.3642339387528 369.7531147107764 413.599043621739 458.46680920180233 510.3393660232751 571.9470746654932 646.2115038861087 732.3296684443253 838.655186879285 969.064137731342 1138.6603555386134 1357.9913999881642 1626.206091487801 1914.1909723937017 2192.7734897169917 2449.53337429777 2679.0170917684927 2854.7398416925203 2980.2916363905965 3036.048558545181 2997.424494896003 2813.8637131090104 2337.392542056446 1182.5470812684982 101.05826456795587 0.0002553036218052546 0.0 0.0 0.0 0.0 0.0 0.0 0.0 0.0 0.0 0.0 0.0 0.0 0.0
# PUI He model counts 
0.01900390785694424 0.021862722360746233 0.024701667242705366 0.03135599845365653 0.038705428558882184 0.04247026077325242 0.0504035856691775 0.06306760526623154 0.07155514389371884 0.08548632061894698 0.10052896776889285 0.11700990322639232 0.1344476854326447 0.15985253887764242 0.18814405927586303 0.22605990985105734 0.26517283747494286 0.3132169289569502 0.36987604510667677 0.4424323031888954 0.5203594347725949 0.6091830134403193 0.7275229300109347 0.8607000471660606 1.0120353324760336 1.2009913763092273 1.400319871543574 1.6585643370764294 1.9534412646414008 2.309488626994971 2.7072007056243135 3.1957998883899927 3.7333297985279055 4.39933231107485 5.166812597020712 6.104869203824999 7.188121036314913 8.499263991880914 10.0050411031108 11.785252185913711 13.807565636836097 16.2112604271128 18.781192588186684 21.656944392703647 24.53366916980909 27.104136192232243 29.419600704946493 32.4174208181691 36.94467117856655 43.290136889540236 50.334864330749404 56.369820092029514 61.90277815688758 67.08607964956548 72.18486375058555 77.25467742054579 82.16515856358106 86.66227049491343 90.33982658206048 92.6085228216024 92.52205234036487 88.2923776789917 75.60412063674438 60.02848880432014
